function j = JacobianLineLeastSquaresFit(in1,in2)
%JACOBIANLINELEASTSQUARESFIT
%    J = JACOBIANLINELEASTSQUARESFIT(IN1,IN2)

%    This function was generated by the Symbolic Math Toolbox version 8.5.
%    21-Oct-2020 11:55:09

x1 = in1(1);
x2 = in1(2);
x3 = in1(3);
x4 = in1(4);
y1 = in2(1);
y2 = in2(2);
y3 = in2(3);
y4 = in2(4);
t2 = x1.*x2;
t3 = x1.*x3;
t4 = x1.*x4;
t5 = x2.*x3;
t6 = x2.*x4;
t7 = x3.*x4;
t8 = x1.*y1;
t9 = x1.*y2;
t10 = x2.*y1;
t11 = x1.*y3;
t12 = x2.*y2;
t13 = x3.*y1;
t14 = x1.*y4;
t15 = x2.*y3;
t16 = x3.*y2;
t17 = x4.*y1;
t18 = x2.*y4;
t19 = x3.*y3;
t20 = x4.*y2;
t21 = x3.*y4;
t22 = x4.*y3;
t23 = x4.*y4;
t24 = x1.*2.0;
t25 = x2.*2.0;
t26 = x3.*2.0;
t27 = x4.*2.0;
t28 = x1.*6.0;
t29 = x2.*6.0;
t30 = x3.*6.0;
t31 = x4.*6.0;
t32 = x1.^2;
t33 = x2.^2;
t34 = x3.^2;
t35 = x4.^2;
t36 = t2.*2.0;
t37 = t3.*2.0;
t38 = t4.*2.0;
t39 = t5.*2.0;
t40 = t6.*2.0;
t41 = t7.*2.0;
t42 = t8.*3.0;
t43 = t12.*3.0;
t44 = t19.*3.0;
t45 = t23.*3.0;
t46 = t2.*y1;
t47 = t2.*y2;
t48 = t3.*y1;
t49 = t4.*y1;
t50 = t3.*y3;
t51 = t5.*y2;
t52 = t5.*y3;
t53 = t6.*y2;
t54 = t4.*y4;
t55 = t6.*y4;
t56 = t7.*y3;
t57 = t7.*y4;
t58 = -t28;
t59 = -t29;
t60 = -t30;
t61 = -t31;
t62 = t32.*3.0;
t63 = t33.*3.0;
t64 = t34.*3.0;
t65 = t35.*3.0;
t70 = t9.*x1;
t71 = t10.*x2;
t72 = t11.*x1;
t73 = t13.*x3;
t74 = t14.*x1;
t75 = t15.*x2;
t76 = t16.*x3;
t77 = t17.*x4;
t78 = t18.*x2;
t79 = t20.*x4;
t80 = t21.*x3;
t81 = t22.*x4;
t82 = -t32;
t83 = -t33;
t85 = -t34;
t87 = -t35;
t66 = -t42;
t67 = -t43;
t68 = -t44;
t69 = -t45;
t84 = -t62;
t86 = -t63;
t88 = -t64;
t89 = -t65;
t90 = -t46;
t91 = -t47;
t92 = -t48;
t93 = -t49;
t94 = -t50;
t95 = -t51;
t96 = -t52;
t97 = -t53;
t98 = -t54;
t99 = -t55;
t100 = -t56;
t101 = -t57;
t102 = t24+t25+t26+t61;
t103 = t24+t25+t27+t60;
t104 = t24+t26+t27+t59;
t105 = t25+t26+t27+t58;
t106 = t36+t37+t38+t39+t40+t41+t84+t86+t88+t89;
t109 = t9+t10+t11+t13+t14+t15+t16+t17+t18+t20+t21+t22+t66+t67+t68+t69;
t110 = t70+t71+t72+t73+t74+t75+t76+t77+t78+t79+t80+t81+t90+t91+t92+t93+t94+t95+t96+t97+t98+t99+t100+t101;
t107 = 1.0./t106;
t108 = t107.^2;
j = reshape([t107.*(y1.*-3.0+y2+y3+y4)-t105.*t108.*t109,t107.*(t9.*-2.0+t10-t11.*2.0+t12+t13-t14.*2.0+t17+t19+t23)-t105.*t108.*(t46+t47+t48+t49+t50+t51+t52+t53+t54+t55+t56+t57-t70-t71-t72-t73-t74-t75-t76-t77-t78-t79-t80-t81),t107.*(y1-y2.*3.0+y3+y4)-t104.*t108.*t109,t107.*(t8+t9-t10.*2.0-t15.*2.0+t16-t18.*2.0+t19+t20+t23)-t104.*t108.*(t46+t47+t48+t49+t50+t51+t52+t53+t54+t55+t56+t57-t70-t71-t72-t73-t74-t75-t76-t77-t78-t79-t80-t81),t107.*(y1+y2-y3.*3.0+y4)-t103.*t108.*t109,t107.*(t8+t11+t12-t13.*2.0+t15-t16.*2.0-t21.*2.0+t22+t23)-t103.*t108.*(t46+t47+t48+t49+t50+t51+t52+t53+t54+t55+t56+t57-t70-t71-t72-t73-t74-t75-t76-t77-t78-t79-t80-t81),t107.*(y1+y2+y3-y4.*3.0)-t102.*t108.*t109,t107.*(t8+t12+t14-t17.*2.0+t18+t19-t20.*2.0+t21-t22.*2.0)-t102.*t108.*(t46+t47+t48+t49+t50+t51+t52+t53+t54+t55+t56+t57-t70-t71-t72-t73-t74-t75-t76-t77-t78-t79-t80-t81),t107.*(x1.*-3.0+x2+x3+x4),t107.*(t2+t3+t4+t83+t85+t87),t107.*(x1-x2.*3.0+x3+x4),t107.*(t2+t5+t6+t82+t85+t87),t107.*(x1+x2-x3.*3.0+x4),t107.*(t3+t5+t7+t82+t83+t87),t107.*(x1+x2+x3-x4.*3.0),t107.*(t4+t6+t7+t82+t83+t85)],[2,8]);
